name: generative_inpainting
channels:
  - conda-forge
  - defaults
dependencies:
  - blas=1.1=openblas
  - bzip2=1.0.6=h470a237_2
  - ca-certificates=2018.8.24=ha4d7672_0
  - cairo=1.14.12=he56eebe_3
  - certifi=2018.8.24=py36_1
  - dbus=1.13.0=h3a4f0e9_0
  - expat=2.2.5=hfc679d8_1
  - ffmpeg=4.0.2=ha6a6e2b_0
  - fontconfig=2.13.0=hd36ec8e_5
  - freetype=2.8.1=hfa320df_1
  - gettext=0.19.8.1=0
  - giflib=5.1.4=h470a237_0
  - glib=2.55.0=h464dc38_2
  - gmp=6.1.2=hfc679d8_0
  - gnutls=3.5.19=h2a4e5f8_1
  - graphite2=1.3.12=hfc679d8_1
  - gst-plugins-base=1.12.5=hde13a9d_0
  - gstreamer=1.12.5=h61a6719_0
  - harfbuzz=1.8.5=h2bb21d5_0
  - hdf5=1.10.2=hc401514_1
  - icu=58.2=hfc679d8_0
  - jasper=1.900.1=4
  - jpeg=9c=h470a237_0
  - libgfortran=3.0.0=1
  - libiconv=1.15=h470a237_2
  - libpng=1.6.35=ha92aebf_0
  - libtiff=4.0.9=he6b73bb_1
  - libuuid=2.32.1=h470a237_0
  - libwebp=0.5.2=7
  - libxcb=1.13=h470a237_2
  - libxml2=2.9.8=h422b904_3
  - mkl_fft=1.0.6=py36_0
  - mkl_random=1.0.1=py36_0
  - nettle=3.3=0
  - numpy=1.15.1=py36_blas_openblashd3ea46f_0
  - openblas=0.2.20=8
  - opencv=3.4.1=py36_blas_openblash829a850_201
  - openh264=1.7.0=0
  - openssl=1.0.2o=h470a237_1
  - pcre=8.41=h470a237_2
  - pixman=0.34.0=2
  - pthread-stubs=0.4=h470a237_1
  - qt=5.6.2=h50c60fd_8
  - x264=1!152.20180717=h470a237_0
  - xorg-kbproto=1.0.7=h470a237_2
  - xorg-libice=1.0.9=h470a237_4
  - xorg-libsm=1.2.2=h8c8a85c_6
  - xorg-libx11=1.6.6=h470a237_0
  - xorg-libxau=1.0.8=h470a237_6
  - xorg-libxdmcp=1.1.2=h470a237_7
  - xorg-libxext=1.3.3=h470a237_4
  - xorg-libxrender=0.9.10=h470a237_2
  - xorg-renderproto=0.11.1=h470a237_2
  - xorg-xextproto=7.3.0=h470a237_2
  - xorg-xproto=7.0.31=h470a237_7
  - _tflow_1100_select=0.0.1=gpu
  - absl-py=0.4.0=py36h28b3542_0
  - astor=0.7.1=py36_0
  - backports=1.0=py36_1
  - backports.weakref=1.0rc1=py36_0
  - bleach=1.5.0=py36_0
  - click=6.7=py36_0
  - cudatoolkit=8.0=3
  - cudnn=6.0.21=cuda8.0_0
  - cupti=8.0.61=0
  - flask=1.0.2=py36_1
  - flask-cors=3.0.6=py36_0
  - gast=0.2.0=py36_0
  - grpcio=1.12.1=py36hdbcaa40_0
  - html5lib=0.9999999=py36_0
  - intel-openmp=2018.0.3=0
  - itsdangerous=0.24=py36_1
  - jinja2=2.10=py36_0
  - libedit=3.1.20170329=h6b74fdf_2
  - libffi=3.2.1=hd88cf55_4
  - libgcc=7.2.0=h69d50b8_2
  - libgcc-ng=8.2.0=hdf63c60_1
  - libgfortran-ng=7.3.0=hdf63c60_0
  - libprotobuf=3.6.0=hdbcaa40_0
  - libstdcxx-ng=8.2.0=hdf63c60_1
  - markdown=2.6.11=py36_0
  - markupsafe=1.0=py36h14c3975_1
  - mkl=2018.0.3=1
  - ncurses=6.1=hf484d3e_0
  - numpy-base=1.14.3=py36hdbf6ddf_0
  - pip=10.0.1=py36_0
  - protobuf=3.6.0=py36hf484d3e_0
  - python=3.6.6=hc3d631a_0
  - readline=7.0=ha6073c6_4
  - setuptools=40.0.0=py36_0
  - six=1.11.0=py36_1
  - sqlite=3.24.0=h84994c4_0
  - tensorboard=1.10.0=py36hf484d3e_0
  - tensorflow=1.5.0=0
  - tensorflow-base=1.5.0=py36hff88cb2_1
  - tensorflow-gpu=1.3.0=0
  - tensorflow-gpu-base=1.3.0=py36cuda8.0cudnn6.0_1
  - tensorflow-tensorboard=1.5.1=py36hf484d3e_1
  - termcolor=1.1.0=py36_1
  - tk=8.6.7=hc745277_3
  - werkzeug=0.14.1=py36_0
  - wheel=0.31.1=py36_0
  - xz=5.2.4=h14c3975_4
  - yaml=0.1.7=had09818_2
  - zlib=1.2.11=ha838bed_2
  - pip:
    - neuralgym==0.0.1
    - pyyaml==3.13
prefix: /tmp2/b03901014/miniconda3/envs/generative_inpainting

